kinematics:
  shoulder:
    x: 0
    y: 0
    z: 0.08921147925423401
    roll: -0
    pitch: 0
    yaw: 2.015804809437481e-05
  upper_arm:
    x: 0.0002430880870116552
    y: 0
    z: 0
    roll: 1.570419115664062
    pitch: 0
    yaw: 3.975881690778244e-05
  forearm:
    x: -0.4249756687184596
    y: 0
    z: 0
    roll: 0.0002892943288487418
    pitch: 0.0006279562321816871
    yaw: 3.196782111563974e-05
  wrist_1:
    x: -0.3920897774906125
    y: 0.0004726758376757369
    z: 0.1103322437175407
    roll: 3.137308566454344
    pitch: -3.141508842987129
    yaw: -3.14159192840013
  wrist_2:
    x: -0.0002368204932883398
    y: -0.09475763177670554
    z: 0.0001292405689547449
    roll: 1.56943242093959
    pitch: 0
    yaw: 8.295104829066137e-05
  wrist_3:
    x: 0.0003865082563114776
    y: 0.08212628979313119
    z: 0.0001021854629802927
    roll: 1.572040574045136
    pitch: 3.141592653589793
    yaw: -3.141588200504136
  hash: calib_7705376770643975541